Total,Cancer,Obesity,Kidney
233,34,12,5
461,127,3,15
102,9,4,4
157,52,1,20
256,89,1,11
52,4,2,1
99,8,11,3
63,2,5,1
3949,951,27,183
72,12,18,2
214,62,6,16
58,10,2,2
2790,406,54,138
314,30,2,44
152,26,2,1
172,32,0,6
165,27,8,6
148,22,8,3
22,9,2,2
7,1,1,0
17,1,6,2
22,2,0,2
87,25,1,0
381,11,154,14
6,1,0,0
22,6,2,3
25,2,0,0
694,139,9,12
1917,438,16,66
1503,559,43,49
33,13,0,1
56,6,2,1
7,0,1,0
56,19,0,1
170,29,7,6
0,0,0,0
126,18,0,0
88,54,1,1
220,26,11,11
794,62,115,22
370,42,76,20
169,20,38,5
552,77,92,20
42,10,0,4
8,0,1,0
0,0,0,0
0,0,0,0
287,105,7,18
1826,1097,17,20
78,6,3,0
169,21,2,4
37,2,1,0
0,0,0,0
1070,185,50,23
472,92,35,12
249,87,1,8
5,0,0,0
19,2,1,1
3,1,0,0
4,0,0,0
25,4,3,1
11,0,0,0
12,2,0,1
66,18,1,4
131,50,0,4
95,12,19,2
1820,1093,17,20
155,94,1,13
0,0,0,0
72,3,4,2
112,4,17,2
49,2,3,2
108,24,2,2
72,5,11,0
29,7,6,1
1,0,0,0
178,19,13,8
53,14,4,2
1,0,0,0
51,11,3,7
163,42,10,6
7,1,1,1
45,1,3,1
117,11,16,5
31,6,1,0
101,16,2,2
48,31,2,2
67,2,2,2
9,2,0,1
3,0,0,0
172,25,8,18
110,49,3,4
104,43,5,4
101,16,3,3
50,32,2,2
1,0,0,0
31,5,2,3
136,13,0,0
40,5,4,10
84,8,9,4
78,46,3,0
10,2,2,1
82,3,13,3
105,26,5,5
64,21,4,6
237,14,3,11
20,7,0,1
7,1,0,0
9,3,1,0
42,19,0,2
7,2,1,1
12,4,0,1
9,4,0,0
16,4,0,0
13,6,0,1
53,20,3,6
0,0,0,0
0,0,0,0
330,21,62,10
627,87,182,20
0,0,0,0
0,0,0,0
15,3,1,0
72,23,1,1
56,16,0,0
108,23,2,1
3,0,0,0
16,8,0,0
422,63,120,12
0,0,0,0
559,69,104,23
39,15,1,1
48,13,3,0
1,0,0,0
12,3,1,1
25,14,0,3
18,14,0,0
1,0,0,0
45,4,1,0
14,4,0,1
5,1,0,0
36,4,1,1
173,15,1,1
7,3,0,0
67,10,19,1
25,4,0,1
96,1,3,0
4,0,0,0
9,4,0,2
6,2,0,0
24,3,4,1
2,1,0,0
11,1,0,1
181,17,3,3
13,6,1,0
4,1,0,0
2,0,0,0
51,14,2,2
591,342,2,27
23,12,2,1
66,16,1,5
11,2,2,1
0,0,0,0
22,13,0,3
2,1,0,0
0,0,0,0
2,0,0,0
14,4,0,1
3,0,0,0
32,17,0,0
23,5,1,0
0,0,0,0
45,3,2,1
36,4,0,0
14,2,0,1
14,6,2,1
771,135,128,17
3,0,0,0
35,1,0,0
12,3,0,0
0,0,0,0
10,8,0,0
114,18,6,2
